Server clock before sync: 37
Synchronizing server_clock...
[1/51] [2/51] [3/51] [4/51] [5/51] [6/51] [7/51] [8/51] [9/51] [10/51] 
[11/51] [12/51] [13/51] [14/51] [15/51] [16/51] [17/51] [18/51] [19/51] [20/51] 
[21/51] [22/51] [23/51] [24/51] [25/51] [26/51] [27/51] [28/51] [29/51] [30/51] 
[31/51] [32/51] [33/51] [34/51] [35/51] [36/51] [37/51] [38/51] [39/51] [40/51] 
[41/51] [42/51] [43/51] [44/51] [45/51] [46/51] [47/51] [48/51] [49/51] [50/51] 
Best Server Sync RTT: 18031, Worst Server Sync RTT: 19612
Average RTT: 18243.680000
Est Server Time: 2331798127, Computed Server Time offset: 2330885616
Server clock after sync: 2331798129

====== SIMULATION METADATA     =====
Server IP: 128.83.139.94, Port: 8000
Server Drift: 0.00 PPM, Client VHC Drift: 0.00 PPM
Relative Drift Weight: -3.40
Local Server Time Error: 9015
Rapport Period: 2000000
Amortization Period: 1000000
Simulation runtime: 3600 seconds
Simulation runtime: 3600000000 usec, 
 Start: 4924524702, End: 8524524702
====== SIMULATION OUTPUT START =====
Current Real Time,Real Time Elapsed (sec),Local Server Time,Hardware Clock Time,Software Clock Time,Error,Remote Est Time,
4924524852,0.00015,2331798279,912665,912665,-2330885614,,
4924543017,0.01832,2331816444,930830,930830,-2330885614,2331816449,
4924793599,0.26890,2332067027,1181412,585266386,-1746800641,,
4925043760,0.51906,2332317187,1431572,1168608561,-1163708626,,
4925294077,0.76938,2332567501,1681887,1752314510,-580252991,,
4925544212,1.01951,2332817636,1932021,2332817643,7,,
4925794333,1.26963,2333067756,2182142,2333067763,7,,
4926044669,1.51997,2333318093,2432479,2333318100,7,,
4926294955,1.77025,2333568377,2682763,2333568384,7,,
4926545414,2.02071,2333818835,2933221,2333818843,8,,
4926563665,2.03896,2333837085,2951470,2333837092,7,2333837104,
4926813802,2.28910,2334087223,3201609,2334087234,11,,
4927064115,2.53941,2334337534,3451920,2334337548,14,,
4927314670,2.78997,2334588089,3702474,2334588107,18,,
4927565043,3.04034,2334838462,3952848,2334838483,21,,
4927815363,3.29066,2335088780,4203166,2335088801,21,,
4928065499,3.54080,2335338915,4453301,2335338936,21,,
4928316194,3.79149,2335589609,4703995,2335589630,21,,
4928566527,4.04183,2335839941,4954327,2335839962,21,,
4928584604,4.05990,2335858017,4972402,2335858038,21,2335858005,
4928834747,4.31004,2336108160,5222546,2336108172,12,,
4929085274,4.56057,2336358686,5473072,2336358691,5,,
4929335825,4.81112,2336609237,5723622,2336609234,-3,,
4929586397,5.06170,2336859808,5974194,2336859797,-11,,
4929836766,5.31206,2337110176,6224562,2337110165,-11,,
4930087315,5.56261,2337360725,6475110,2337360714,-11,,
4930337773,5.81307,2337611181,6725567,2337611171,-10,,
4930588103,6.06340,2337861510,6975896,2337861500,-10,,
4930606410,6.08171,2337879816,6994201,2337879805,-11,2337879812,
4930857037,6.33233,2338130443,7244828,2338130434,-9,,
4931107353,6.58265,2338380759,7495145,2338380752,-7,,
4931357512,6.83281,2338630917,7745302,2338630913,-4,,
4931608085,7.08338,2338881489,7995875,2338881487,-2,,
4931858221,7.33352,2339131624,8246010,2339131622,-2,,
4932108965,7.58426,2339382367,8496752,2339382365,-2,,
4932359179,7.83448,2339632580,8746966,2339632579,-1,,
4932609987,8.08529,2339883387,8997773,2339883385,-2,,
4932627986,8.10328,2339901385,9015771,2339901383,-2,2339901437,
4932878534,8.35383,2340151933,9266319,2340151945,12,,
4933128693,8.60399,2340402092,9516478,2340402118,26,,
4933378829,8.85413,2340652228,9766613,2340652267,39,,
4933629058,9.10436,2340902455,10016840,2340902508,53,,
4933879210,9.35451,2341152607,10266992,2341152660,53,,
4934129322,9.60462,2341402718,10517103,2341402771,53,,
4934379592,9.85489,2341652987,10767373,2341653040,53,,
4934629743,10.10504,2341903137,11017523,2341903191,54,,
4934648017,10.12331,2341921409,11035795,2341921462,53,2341921357,
4934898144,10.37344,2342171538,11285923,2342171565,27,,
4935148270,10.62357,2342421663,11536048,2342421665,2,,
4935398624,10.87392,2342672015,11786400,2342671990,-25,,
4935649250,11.12455,2342922640,12037026,2342922590,-50,,
4935899607,11.37491,2343172996,12287382,2343172946,-50,,
4936149765,11.62506,2343423154,12537540,2343423104,-50,,
4936399944,11.87524,2343673332,12787718,2343673282,-50,,
4936650690,12.12599,2343924077,13038463,2343924027,-50,,
4936668821,12.14412,2343942208,13056593,2343942157,-51,2343942174,
4936918990,12.39429,2344192377,13306763,2344192331,-46,,
4937169494,12.64479,2344442880,13557265,2344442839,-41,,
4937419644,12.89494,2344693028,13807413,2344692991,-37,,
4937670296,13.14559,2344943679,14058065,2344943647,-32,,
4937920427,13.39573,2345193809,14308205,2345193787,-22,,
4938170585,13.64588,2345443967,14558352,2345443935,-32,,
4938420774,13.89607,2345694155,14808541,2345694134,-21,,
4938670996,14.14629,2345944377,15058762,2345944345,-32,,
4938689199,14.16450,2345962579,15076964,2345962547,-32,2345962546,
4938939988,14.41529,2346213367,15327753,2346213335,-32,,
4939190560,14.66586,2346463938,15578323,2346463906,-32,,
4939441138,14.91644,2346714515,15828900,2346714484,-31,,
4939691888,15.16719,2346965264,16079649,2346965233,-31,,
4939942469,15.41777,2347215844,16330230,2347215813,-31,,
4940193010,15.66831,2347466385,16580771,2347466354,-31,,
4940443663,15.91896,2347717037,16831423,2347717006,-31,,
4940693812,16.16911,2347967186,17081571,2347967155,-31,,
4940711963,16.18726,2347985335,17099721,2347985304,-31,2347985291,
4940962090,16.43739,2348235462,17349847,2348235426,-36,,
4941212224,16.68752,2348485595,17599980,2348485557,-38,,
4941462561,16.93786,2348735931,17850316,2348735891,-40,,
4941712729,17.18803,2348986099,18100484,2348986056,-43,,
4941962843,17.43814,2349236212,18350608,2349236180,-32,,
4942213002,17.68830,2349486370,18600755,2349486327,-43,,
4942463149,17.93845,2349736517,18850902,2349736474,-43,,
4942713790,18.18909,2349987157,19101542,2349987114,-43,,
4942732092,18.20739,2350005457,19119843,2350005414,-43,2350005430,
4942982540,18.45784,2350255905,19370291,2350255867,-38,,
4943232687,18.70799,2350506051,19620436,2350506017,-34,,
4943483004,18.95830,2350756367,19870753,2350756338,-29,,
4943733934,19.20923,2351007298,20121683,2351007273,-25,,
4943984396,19.45969,2351257758,20372143,2351257733,-25,,
4944235322,19.71062,2351508683,20623069,2351508659,-24,,
4944485445,19.96074,2351758805,20873191,2351758780,-25,,
4944736066,20.21136,2352009425,21123811,2352009400,-25,,
4944754278,20.22958,2352027636,21142021,2352027611,-25,2352027587,
4945004363,20.47966,2352277721,21392106,2352277688,-33,,
4945254516,20.72981,2352527874,21642259,2352527837,-37,,
4945504634,20.97993,2352777991,21892376,2352777948,-43,,
4945754768,21.23007,2353028125,22142511,2353028077,-48,,
4946004894,21.48019,2353278249,22392635,2353278201,-48,,
4946255035,21.73033,2353528389,22642774,2353528341,-48,,
4946505166,21.98046,2353778519,22892905,2353778471,-48,,
4946755764,22.23106,2354029116,23143502,2354029068,-48,,
4946774036,22.24933,2354047387,23161772,2354047339,-48,2354047441,
4947024354,22.49965,2354297705,23412090,2354297682,-23,,
4947274551,22.74985,2354547902,23662288,2354547906,4,,
4947524695,22.99999,2354798046,23912432,2354798086,40,,
4947775244,23.25054,2355048593,24162979,2355048648,55,,
4948025688,23.50099,2355299037,24413422,2355299092,55,,
4948275846,23.75114,2355549193,24663579,2355549248,55,,
4948526279,24.00158,2355799625,24914011,2355799680,55,,
4948776732,24.25203,2356050077,25164463,2356050132,55,,
4948794957,24.27025,2356068301,25182687,2356068356,55,2356068348,
4949045079,24.52038,2356318425,25432810,2356318478,53,,
4949295592,24.77089,2356568936,25683322,2356568988,52,,
4949546231,25.02153,2356819574,25933960,2356819624,50,,
4949796624,25.27192,2357069967,26184352,2357070015,48,,
4950046770,25.52207,2357320111,26434497,2357320160,49,,
4950296902,25.77220,2357570253,26684638,2357570302,49,,
4950547029,26.02233,2357820368,26934754,2357820417,49,,
4950797452,26.27275,2358070791,27185177,2358070840,49,,
4950815611,26.29091,2358088950,27203335,2358088999,49,2358088926,
4951065741,26.54104,2358339079,27453465,2358339109,30,,
4951315862,26.79116,2358589198,27703584,2358589211,13,,
4951565983,27.04128,2358839320,27953705,2358839315,-5,,
4951816123,27.29142,2359089457,28203843,2359089435,-22,,
4952066224,27.54152,2359339559,28453944,2359339537,-22,,
4952316831,27.79213,2359590165,28704551,2359590143,-22,,
4952567044,28.04234,2359840377,28954763,2359840355,-22,,
4952817572,28.29287,2360090904,29205290,2360090882,-22,,
4952835678,28.31098,2360109010,29223395,2360108987,-23,2360108974,
4953085877,28.56117,2360359208,29473594,2360359182,-26,,
4953336327,28.81162,2360609657,29724042,2360609628,-29,,
4953586831,29.06213,2360860161,29974546,2360860129,-32,,
4953837600,29.31290,2361110929,30225315,2361110895,-34,,
4954088653,29.56395,2361361980,30476366,2361361946,-34,,
4954339234,29.81453,2361612561,30726947,2361612528,-33,,
4954589651,30.06495,2361862978,30977364,2361862944,-34,,
4954840516,30.31581,2362113852,31228238,2362113818,-34,,
4954858742,30.33404,2362132066,31246451,2362132032,-34,2362131991,
4955108869,30.58417,2362382193,31496578,2362382149,-44,,
4955359891,30.83519,2362633214,31747599,2362633160,-54,,
4955610177,31.08547,2362883499,31997885,2362883435,-64,,
4955860363,31.33566,2363133683,32248069,2363133619,-